1000 110
9201
1342
4132
2666
6790
5723
2205
2246
6011
6759
7771
7482
8374
3021
4235
5616
2487
2472
9621
2165
3895
2943
7161
937
7076
1562
821
6044
722
5492
6356
1814
449
1649
9689
9502
2378
3493
8934
5728
532
7831
4751
8765
1624
2666
3339
1404
2757
8680
4860
8521
2200
6095
5171
3582
4286
3921
8042
4272
7750
8785
5457
1153
1536
8477
981
7287
2243
7753
6800
3140
8382
6371
1324
3065
4384
1350
5767
5190
2573
7617
5843
7070
5668
5655
9467
4037
524
8604
5090
548
2172
7602
4638
2710
7871
4043
6478
9796
5878
7775
6340
7626
8802
5872
3765
5046
819
709
3217
3881
2534
7738
1677
1459
7082
6333
7511
5193
1491
6776
7567
8313
9129
6613
7964
1393
7632
4656
7923
4510
7357
2941
6696
9602
6355
8540
3134
5076
7077
2270
2952
2673
9261
897
4757
9501
763
1445
3103
6787
9305
2065
4498
1877
4713
1295
3801
5321
1551
9251
3402
1605
3179
8519
8168
9953
9591
6407
4649
7906
2513
5157
3763
8538
3101
3228
2485
4393
5664
6826
5532
4744
2370
2659
5977
2650
8577
6025
1011
1887
5328
3826
1343
6055
3477
9511
6297
5474
3357
2755
4634
6925
7425
5782
8447
8225
9504
2414
1820
962
2517
1669
679
3743
5142
4094
6640
5582
1446
9429
4925
2549
1105
9840
3792
8346
544
1536
4492
4845
7122
6297
1313
3277
4597
448
4351
2254
7183
1663
7455
3214
7994
832
955
7478
6363
6898
1812
8480
8926
8603
8457
3557
7370
4707
1107
843
8901
7531
2346
6891
2031
994
3477
4539
7104
5239
7074
7477
8368
9151
2728
6540
3351
6057
6881
1210
3881
2446
805
9601
5413
7669
7363
6352
7298
5321
5369
8484
9780
2544
6091
7204
1480
1924
5377
7032
2014
5484
5447
8707
9008
4802
3203
7482
9920
9045
2344
6626
9227
861
7169
3404
6877
4552
8063
6780
3422
4089
6113
9791
5227
7711
656
3575
1370
3696
4744
1855
6470
786
7437
7539
8548
7202
3856
2303
5777
4374
9822
8492
5289
9032
7721
5302
3003
3620
6558
5266
6669
7489
9612
9344
4567
2959
1576
5781
9694
917
2582
7227
4406
6596
2431
8047
8151
5242
6946
7641
3681
5508
7366
5185
1763
8508
2995
3655
7410
3672
8243
1793
1154
7355
993
2823
1883
6233
9642
4419
6468
9539
2900
9245
6162
8540
8195
7436
9940
5779
8393
5070
1343
1768
2016
931
2934
2831
1460
8400
8471
7177
9522
6114
7154
8051
6123
8806
1696
3535
9208
7833
6162
4058
9061
3522
9657
5692
4817
8430
7486
8978
1007
8735
4409
6950
3024
8364
9198
1954
7353
5250
7236
6891
6478
4983
6617
2207
5227
1630
2874
8842
485
3013
9396
9731
1336
3887
5719
2980
8481
6332
1745
4599
2216
9310
4235
8158
7097
1246
8861
9503
6442
4703
9572
2402
6942
2770
551
3223
1915
2083
5411
9539
3551
4791
542
6910
5452
4794
1091
6401
7242
2284
7942
6351
7735
8126
5959
6597
5197
654
7904
877
1403
4918
1404
7243
3498
3672
5602
5000
897
2693
430
5004
5001
3929
1962
5952
7634
5260
484
4283
8246
5759
8899
4508
2930
9915
8999
6979
2032
2568
2410
8307
1656
7639
8211
2383
7340
2737
5379
6152
3628
2740
788
4075
9996
4741
1193
1905
5796
8683
7715
9284
1591
8763
7313
6145
472
5269
2470
2243
1179
4274
9619
7408
5442
9980
1511
3001
2563
5209
6199
2171
3853
1668
1832
705
7302
3076
1475
6067
3643
7457
5292
2474
3678
7514
4263
2086
7798
5134
5402
7218
6406
8484
1373
7377
9420
7870
6010
1811
6691
5882
3979
3700
1000
482
8506
1281
420
7269
7086
6889
7130
7439
6970
9551
5195
7920
9265
6493
5821
3037
7377
3315
7630
4946
8959
892
5351
8692
9878
9064
4942
5408
7433
5578
6967
3696
6117
6089
2866
9522
957
3916
6561
8063
3422
8953
2645
5670
5752
7740
7271
7122
7225
1753
9786
2254
1249
4005
7411
4371
8105
6586
8845
2778
2715
8490
1862
9254
2168
9641
1537
6148
3398
2059
440
4416
5653
8975
9810
516
6342
987
4839
1779
7320
5128
7742
6790
8389
1995
1408
466
7978
6584
1367
3407
5253
8343
1880
7176
7288
9086
9577
6671
2843
3272
5438
5047
8506
3991
5959
9832
2978
5494
6626
596
4745
7730
2237
4651
5960
3147
9036
7715
3336
3337
6829
6640
9039
4841
5457
5700
8533
7950
6885
8218
2541
5484
429
9402
2731
2454
3346
7592
2280
599
4872
3035
4334
2635
9654
8312
4045
9599
5814
7164
506
4402
5787
1744
6854
9551
4985
3383
8948
2539
9942
4248
9808
3008
7671
2412
5862
4282
7690
2967
9597
9635
4644
8172
9145
8265
6510
9270
8506
673
6122
9055
7989
6838
2242
3462
6495
418
6402
6087
1812
5647
4388
8325
5547
6117
9375
2375
9782
3602
5582
1744
1753
3590
7923
6063
8876
7682
6130
4131
6210
521
4992
7565
5979
4210
7846
1025
5189
5330
724
6118
7631
7331
3151
6753
7894
7220
8702
2612
3893
9869
1655
5651
882
5546
1022
5388
9818
7020
2260
6172
7409
3752
8906
2224
9706
2103
7207
1912
5368
9921
4946
4568
8604
4660
8202
2596
4215
4241
5145
6546
2995
9588
960
8721
9550
9011
2053
1471
2907
6499
2467
3502
1622
7219
1926
6805
6020
3470
6394
2212
689
8827
9842
2554
461
9303
1985
2031
8866
5940
7889
8548
7736
7767
9937
9926
1644
7444
8310
3010
1655
7466
6888
9547
7849
691
3123
5669
1337
6760
1585
8545
529
7002
7000
2125
4702
2914
607
7094
3142
4466
5651
4341
6106
1247
5608
3370
4486
8244
3218
4715
1636
1134
8065
6237
8393
3264
7764
7946
4546
4532
5089
9152
6564
7468
3696
6924
5849
3730
4933
2246
9577
1537
7095
7710
2937
6925
1388
6634
3423
7367
7637
4334
3429
7424
2912
6048
8540
8261
9829
7579
3971
2783
2117
6108
3549
1937
8815
4867
3882
2776
6588
1807
