1000 40 200
668
162
242
392
570
814
655
401
68
827
730
500
48
393
872
395
854
630
290
504
942
127
557
213
970
907
555
744
952
181
182
720
257
88
80
970
637
672
194
892
457
531
701
331
717
560
594
205
201
821
277
503
139
953
67
580
849
510
644
833
841
146
52
80
395
775
513
695
580
641
154
612
107
321
765
669
682
966
758
598
517
531
240
236
533
80
574
673
283
162
437
460
160
126
437
937
673
991
870
224
538
556
590
700
469
377
643
867
773
954
716
30
872
301
588
350
901
603
993
723
886
680
978
285
753
907
819
637
252
141
662
828
317
214
430
329
501
606
713
62
537
9
231
316
427
506
91
695
310
120
782
284
15
429
228
561
890
546
617
577
577
666
687
890
77
256
578
251
289
139
17
198
484
579
71
798
296
405
664
581
738
269
256
230
56
777
418
139
837
798
473
839
47
922
322
333
649
438
167
207
900
125
327
303
444
196
459
323
376
828
442
945
438
580
631
405
164
430
518
56
387
90
327
634
591
75
432
779
805
453
224
578
569
381
654
790
640
533
502
191
74
248
598
481
902
525
39
604
95
728
918
310
119
665
410
36
730
486
691
297
71
935
46
254
186
13
881
497
773
591
40
232
716
132
10
632
455
544
985
221
162
994
93
913
615
343
628
523
565
816
131
251
278
501
56
575
413
685
501
624
338
293
684
152
117
396
90
35
256
155
661
598
647
319
736
131
998
927
35
259
53
956
693
411
679
43
751
703
231
550
31
473
583
952
414
762
506
22
468
202
784
483
670
189
957
328
807
914
229
785
716
902
661
175
907
933
231
188
556
776
278
468
665
591
807
861
36
150
332
942
297
734
285
44
551
322
446
861
665
216
679
341
540
64
914
257
289
521
286
444
691
674
328
857
861
570
354
971
196
349
919
573
738
60
195
595
8
161
85
297
546
990
74
227
568
992
42
812
113
74
682
793
34
765
909
56
849
231
252
669
190
908
806
495
108
706
817
253
936
226
113
746
713
502
343
497
54
46
984
766
978
40
733
148
183
115
301
388
738
37
794
624
259
991
878
621
874
709
333
441
450
623
620
266
931
790
920
83
876
693
205
906
961
559
471
102
382
619
892
902
7
665
308
371
762
880
942
186
472
737
648
372
650
560
405
366
129
214
277
699
923
479
696
356
506
168
402
470
135
32
183
446
751
663
747
301
47
194
183
62
448
103
863
137
250
838
77
724
85
223
19
231
77
760
539
867
688
385
888
347
345
321
190
124
49
176
180
165
489
835
957
749
111
687
776
222
523
757
298
206
830
992
582
952
874
49
32
676
269
107
350
460
939
663
598
415
702
705
859
884
73
192
244
749
387
16
87
147
205
810
761
505
720
832
903
575
430
332
73
621
922
921
570
669
719
844
136
113
1
12
449
760
201
639
552
719
14
647
81
265
226
630
46
648
805
203
415
481
729
720
785
275
328
780
667
777
437
362
721
19
321
921
127
238
522
806
67
492
294
366
471
192
682
755
811
65
399
404
510
267
382
488
284
113
915
925
262
38
521
834
41
249
652
51
874
300
715
747
667
138
195
391
391
971
89
673
516
125
972
734
927
801
163
664
68
777
850
708
588
342
461
763
887
190
809
753
248
356
461
137
508
540
433
290
98
145
568
966
860
377
29
148
526
298
111
157
177
32
249
47
645
748
382
4
568
505
268
391
420
319
157
246
95
889
240
121
926
834
779
549
314
613
319
572
366
981
190
131
694
755
625
772
887
346
508
449
359
867
171
729
667
144
940
96
927
932
964
226
553
393
173
499
803
256
455
536
600
908
723
359
532
9
477
39
15
983
905
648
42
319
446
152
506
776
803
317
604
604
938
283
605
632
585
586
382
806
153
229
390
543
993
355
659
845
376
850
160
768
798
547
129
664
726
284
14
70
7
418
526
761
679
872
48
492
575
92
277
295
315
101
820
791
894
558
862
644
108
599
839
476
818
900
47
430
258
745
439
463
742
187
727
512
596
818
457
236
61
871
472
960
376
624
633
952
113
891
873
971
547
100
666
256
627
750
120
199
802
705
729
300
409
546
878
947
937
418
661
95
244
984
55
136
622
828
521
394
175
103
984
714
743
359
996
672
648
649
133
325
629
81
353
328
398
177
147
365
352
928
296
572
952
393
386
135
331
897
798
812
92
151
284
987
155
656
519
627
85
854
114
933
159
92
3
340
472
284
868
766
890
397
636
770
744
430
95
827
122
101
752
968
353
574
987
411
934
704
293
445
579
982
