9100 1234
90
94
94
38
61
46
20
29
11
70
67
5
98
64
34
51
36
8
13
59
74
68
89
94
92
50
47
81
75
74
9
41
6
16
6
56
62
16
28
92
58
56
16
81
89
33
51
83
5
5
35
24
17
99
91
45
50
13
19
10
57
10
46
84
36
28
90
62
29
89
26
58
30
41
46
63
9
99
77
45
87
63
24
28
88
98
75
23
53
50
44
58
98
11
71
52
66
39
66
77
39
54
23
80
14
75
78
90
79
21
56
8
92
22
80
17
28
49
21
36
57
36
94
7
7
90
10
69
45
62
17
53
35
6
42
3
75
21
76
10
4
69
1
93
52
43
50
68
29
65
64
79
95
48
8
62
1
16
67
62
38
5
59
75
21
11
30
14
75
94
58
5
9
32
72
66
5
58
7
87
48
34
70
41
22
63
93
17
47
99
21
99
55
62
85
20
14
15
55
44
84
19
94
12
70
8
71
68
78
82
45
23
85
89
65
71
87
56
74
99
24
98
25
39
94
62
84
21
70
98
56
70
83
40
71
96
77
29
57
93
67
68
38
55
26
80
43
93
82
63
16
18
59
96
43
53
11
8
41
9
89
47
57
51
7
40
27
25
52
7
40
87
20
94
17
29
13
82
68
46
1
69
11
60
56
94
48
35
13
86
91
26
34
45
2
86
48
80
13
32
67
96
20
54
6
98
58
18
69
39
64
81
93
75
86
48
45
82
94
5
23
2
32
64
64
25
47
57
75
87
84
65
57
52
50
84
25
68
52
54
94
81
38
32
41
88
12
60
24
95
77
50
12
6
96
28
79
76
17
10
30
28
1
2
28
33
52
55
57
94
95
94
15
26
79
50
87
91
5
55
29
80
6
93
34
10
52
79
70
51
4
4
97
3
28
42
98
58
56
57
51
69
40
48
78
36
66
21
91
65
27
66
56
93
21
90
97
45
92
30
64
14
40
6
74
19
21
64
82
90
76
21
44
29
20
5
20
95
42
56
74
32
52
27
65
5
11
25
6
35
58
81
78
3
6
93
1
4
8
20
60
99
94
72
23
8
53
31
63
51
82
14
67
19
97
83
97
72
64
47
54
28
3
45
47
7
1
42
38
37
86
39
62
49
61
18
21
56
79
84
50
63
21
19
54
12
90
92
42
22
12
1
18
52
85
48
5
80
64
14
23
45
28
39
32
44
83
76
88
40
2
40
2
18
37
75
31
34
1
18
69
16
32
22
4
42
59
99
50
65
20
24
87
24
61
22
54
13
45
68
40
97
83
10
58
93
64
46
87
88
75
41
64
71
68
64
38
93
19
17
2
6
71
16
88
25
40
1
66
2
74
86
91
43
84
55
2
97
94
62
35
72
33
59
44
85
74
97
43
74
84
41
67
83
60
53
14
36
83
54
90
77
76
54
42
86
62
28
66
88
59
3
80
22
50
19
5
93
81
40
70
20
42
76
45
22
11
6
50
17
29
13
18
72
62
55
23
45
16
39
77
46
3
23
51
6
5
2
24
24
25
10
84
26
59
21
98
45
55
98
70
32
44
22
47
1
18
25
51
4
85
14
64
38
51
24
95
30
78
42
29
27
13
89
22
48
10
99
61
75
33
85
67
96
51
63
18
94
99
63
23
83
69
85
7
41
65
56
14
74
44
85
11
74
85
85
90
73
47
74
40
16
85
45
28
83
22
96
18
64
36
43
20
41
88
59
37
46
93
46
56
6
25
73
84
57
96
66
49
93
49
93
14
18
69
61
24
84
75
20
60
60
5
42
1
52
93
21
52
49
43
30
64
9
2
26
24
99
34
30
55
79
81
91
81
24
5
18
89
29
89
2
69
15
89
99
47
9
96
7
97
56
91
31
43
93
83
91
64
48
48
34
87
13
78
93
34
68
19
20
46
8
19
35
38
31
10
72
35
33
45
79
26
23
91
53
64
96
93
6
22
29
14
95
19
73
57
73
32
67
50
53
26
30
35
79
76
85
19
61
92
9
30
63
5
26
3
63
76
23
83
21
10
59
74
8
59
92
63
32
66
25
79
62
36
69
15
58
77
65
67
76
56
48
69
31
29
17
29
68
41
63
57
69
4
96
27
60
18
29
30
13
53
77
37
51
54
87
56
73
28
53
67
23
46
15
4
97
54
9
94
82
44
64
67
30
7
82
51
69
51
36
34
79
79
76
83
15
15
61
22
83
9
58
66
78
60
70
46
32
6
94
26
36
12
98
90
51
67
37
97
39
77
81
93
31
4
7
18
75
81
77
8
73
67
10
64
18
49
75
38
11
56
83
9
19
89
31
5
77
56
77
24
96
30
88
95
69
96
18
17
41
83
13
43
44
78
68
24
28
32
89
46
92
23
50
12
69
53
14
95
95
74
26
6
64
76
42
89
10
60
74
98
6
63
79
48
28
10
43
40
93
53
78
94
79
57
41
39
11
38
18
7
15
25
72
96
32
89
2
85
43
60
20
67
87
89
85
41
67
99
29
7
44
43
80
5
57
66
73
86
59
39
19
44
31
54
54
75
26
6
77
83
6
70
30
58
26
18
22
17
23
97
64
1
12
62
99
22
89
16
94
85
60
13
93
42
50
3
7
69
85
17
50
54
87
79
38
53
23
74
83
77
38
12
75
44
20
99
26
68
62
7
91
15
31
75
55
72
73
95
25
49
73
42
41
85
79
32
31
70
25
63
14
62
14
82
50
10
33
14
4
73
43
71
81
14
57
71
89
56
23
16
71
11
5
16
54
50
61
45
74
50
89
27
5
85
57
84
65
72
13
50
73
