800 80
104
381
21
939
859
836
994
388
921
665
83
539
774
697
46
142
754
742
191
375
427
851
422
715
293
965
960
729
96
705
589
131
300
177
675
852
243
627
396
690
860
398
954
640
692
456
793
258
117
138
233
352
967
944
121
77
197
994
566
235
339
977
202
161
335
723
597
524
498
801
99
678
623
656
21
634
651
201
209
530
671
24
89
40
980
910
477
840
54
325
891
161
890
166
591
725
904
769
415
996
286
393
978
180
403
237
857
343
777
399
149
947
212
734
195
713
336
663
523
761
148
132
171
110
186
548
47
807
297
670
721
441
607
457
754
540
763
852
938
120
895
234
975
173
107
88
637
533
957
102
563
700
851
98
93
420
758
462
724
616
470
43
377
402
105
966
811
281
938
199
578
382
724
359
294
268
722
890
876
744
34
699
488
840
646
982
155
447
935
460
213
132
271
683
328
296
583
135
222
697
229
300
997
306
880
68
448
765
896
830
429
447
235
190
61
724
910
206
804
784
217
508
708
342
276
764
123
106
758
741
233
807
983
11
926
30
324
408
185
853
140
343
374
567
615
648
621
223
323
825
171
888
120
516
265
136
289
787
106
532
67
203
109
250
567
729
336
902
724
740
900
677
74
979
381
220
942
118
258
964
310
78
584
31
784
270
30
799
911
831
492
189
243
209
224
613
750
262
407
694
483
579
970
63
848
486
620
888
889
179
438
684
385
676
559
243
975
389
57
716
875
812
158
732
914
726
102
662
472
187
372
370
439
527
32
475
399
628
499
675
396
410
307
810
492
751
760
380
508
164
823
890
750
265
602
989
539
90
602
10
237
593
482
467
104
31
226
536
359
177
630
68
361
733
201
770
388
757
14
16
935
699
468
117
46
401
521
674
287
103
15
669
173
606
807
914
947
140
90
736
343
647
251
973
427
310
708
484
558
851
520
665
164
141
367
595
739
240
846
741
748
980
14
535
190
276
684
628
714
426
703
296
209
998
828
299
112
886
396
516
502
269
542
200
953
608
89
108
583
267
810
988
776
505
303
841
440
248
977
791
591
647
246
910
618
690
886
890
127
416
143
158
984
514
406
860
791
805
726
318
362
3
181
806
928
933
614
640
307
477
395
853
524
167
647
304
119
871
360
459
178
901
784
624
234
114
753
926
307
938
244
51
973
613
235
303
596
9
546
423
19
132
814
40
991
820
274
280
905
256
181
420
486
129
816
513
548
936
176
416
933
976
138
641
821
508
887
439
492
436
287
179
537
821
988
380
783
121
103
667
476
972
710
19
846
140
886
342
879
504
178
771
360
448
399
626
16
315
309
145
320
242
455
377
754
835
341
627
387
24
604
729
63
271
654
805
868
859
886
284
510
966
111
222
912
353
266
809
515
947
235
373
990
150
962
82
486
583
477
344
635
307
510
642
973
812
453
804
396
483
435
29
853
955
967
465
321
150
391
226
604
663
955
962
93
982
962
551
272
125
227
621
707
984
4
992
849
773
278
163
993
520
209
67
619
67
441
759
232
201
228
747
884
449
690
274
861
62
67
103
186
238
374
543
34
252
555
651
488
186
291
963
350
580
297
672
367
343
805
633
22
903
340
431
809
523
871
586
418
928
219
785
964
152
960
959
215
608
480
829
186
981
282
287
375
39
686
882
473
374
20
511
816
252
481
538
435
632
655
274
604
58
590
655
434
788
691
869
956
824
110
933
913
954
192
30
180
928
327
386
307
905
280
54
615
941
750
820
339
44
902
570
903
359
537
241
56
867
741
200
736
335
141
793
463
416
639
207
200
141
999
353
159
269
950
31
415
779
334
18
